RUNNING THE L-BFGS-B CODE

it    = iteration number
nf    = number of function evaluations
nseg  = number of segments explored during the Cauchy search
nact  = number of active bounds at the generalized Cauchy point
sub   = manner in which the subspace minimization terminated:
        con = converged, bnd = a bound was reached
itls  = number of iterations performed in the line search
stepl = step length used
tstep = norm of the displacement (total step)
projg = norm of the projected gradient
f     = function value

           * * *

Machine precision = 2.220D-16
 N =       314584     M =           10

   it   nf  nseg  nact  sub  itls  stepl    tstep     projg        f
    0    1     -     -   -     -     -        -     1.828D+00  3.397D+02
    1    2     1     0  ---    0  9.2D-03  1.0D+00  1.458D+00  2.440D+02
    2    3     0     0  con    0  1.0D+00  3.3D+00  2.264D-01  9.826D+01
    3    4     0     0  con    0  1.0D+00  8.5D-01  1.380D-01  8.826D+01
    4    5     0     0  con    0  1.0D+00  1.0D+00  1.330D-01  8.257D+01
    5    6     0     0  con    0  1.0D+00  1.4D+00  1.260D-01  7.755D+01
    6    7     0     0  con    0  1.0D+00  4.0D+00  1.291D-01  6.571D+01
    7    8     0     0  con    0  1.0D+00  8.8D+00  1.504D-01  4.504D+01
    8   10     0     0  con    1  1.0D-01  1.8D+00  1.557D-01  4.185D+01
    9   11     0     0  con    0  1.0D+00  9.6D+00  4.776D-02  3.101D+01
   10   12     0     0  con    0  1.0D+00  2.7D+00  7.670D-02  3.022D+01
   11   13     0     0  con    0  1.0D+00  3.5D+00  6.710D-02  2.945D+01
   12   15     0     0  con    1  4.3D-01  3.0D+00  1.101D-01  2.907D+01
   13   16     0     0  con    0  1.0D+00  4.2D+00  3.383D-02  2.848D+01
   14   17     0     0  con    0  1.0D+00  1.7D+00  2.680D-02  2.838D+01
   15   18     0     0  con    0  1.0D+00  2.6D+00  3.798D-02  2.821D+01
   16   19     0     0  con    0  1.0D+00  5.0D+00  1.244D-01  2.779D+01
   17   20     0     0  con    0  1.0D+00  4.8D+00  7.133D-02  2.720D+01
   18   21     0     0  con    0  1.0D+00  6.3D+00  1.421D-01  2.673D+01
   19   22     0     0  con    0  1.0D+00  3.2D+00  7.218D-02  2.627D+01
   20   23     0     0  con    0  1.0D+00  5.1D+00  7.605D-02  2.595D+01
   21   24     0     0  con    0  1.0D+00  5.8D+00  6.334D-02  2.565D+01
   22   25     0     0  con    0  1.0D+00  2.6D+00  6.307D-02  2.533D+01
   23   26     0     0  con    0  1.0D+00  2.4D+00  1.485D-01  2.466D+01
   24   27     0     0  con    0  1.0D+00  7.6D+00  1.469D-01  2.305D+01
   25   28     0     0  con    0  1.0D+00  2.9D+00  1.860D-01  2.285D+01
   26   29     0     0  con    0  1.0D+00  1.0D+00  7.895D-02  2.237D+01
   27   30     0     0  con    0  1.0D+00  1.4D+00  3.604D-02  2.216D+01
   28   31     0     0  con    0  1.0D+00  1.2D+00  3.949D-02  2.197D+01
   29   32     0     0  con    0  1.0D+00  3.0D+00  9.690D-02  2.156D+01
   30   33     0     0  con    0  1.0D+00  5.5D+00  1.385D-01  2.100D+01
   31   34     0     0  con    0  1.0D+00  3.5D+00  7.789D-02  2.036D+01
   32   35     0     0  con    0  1.0D+00  2.1D+00  6.473D-02  1.977D+01
   33   36     0     0  con    0  1.0D+00  3.3D+00  1.346D-01  1.939D+01
   34   37     0     0  con    0  1.0D+00  6.7D-01  5.046D-02  1.913D+01
   35   38     0     0  con    0  1.0D+00  5.3D-01  3.339D-02  1.904D+01
   36   39     0     0  con    0  1.0D+00  1.4D+00  3.579D-02  1.886D+01
   37   40     0     0  con    0  1.0D+00  1.7D+00  8.340D-02  1.867D+01
   38   41     0     0  con    0  1.0D+00  2.6D+00  7.744D-02  1.837D+01
   39   42     0     0  con    0  1.0D+00  5.2D+00  1.624D-01  1.808D+01
   40   43     0     0  con    0  1.0D+00  1.5D+00  7.380D-02  1.773D+01
   41   44     0     0  con    0  1.0D+00  9.5D-01  7.009D-02  1.752D+01
   42   45     0     0  con    0  1.0D+00  3.2D+00  1.317D-01  1.711D+01
   43   46     0     0  con    0  1.0D+00  2.7D+00  6.056D-02  1.687D+01
   44   47     0     0  con    0  1.0D+00  7.9D-01  2.563D-02  1.669D+01
   45   48     0     0  con    0  1.0D+00  8.1D-01  1.867D-02  1.657D+01
   46   49     0     0  con    0  1.0D+00  6.9D-01  2.572D-02  1.649D+01
   47   50     0     0  con    0  1.0D+00  1.9D+00  5.350D-02  1.635D+01
   48   51     0     0  con    0  1.0D+00  1.0D+00  4.341D-02  1.620D+01
   49   52     0     0  con    0  1.0D+00  9.0D-01  3.901D-02  1.603D+01
   50   53     0     0  con    0  1.0D+00  2.1D+00  5.667D-02  1.575D+01
   51   54     0     0  con    0  1.0D+00  3.8D+00  1.589D-01  1.558D+01
   52   55     0     0  con    0  1.0D+00  7.5D-01  3.158D-02  1.533D+01
   53   56     0     0  con    0  1.0D+00  4.3D-01  2.008D-02  1.525D+01
   54   57     0     0  con    0  1.0D+00  8.5D-01  2.613D-02  1.518D+01
   55   58     0     0  con    0  1.0D+00  8.8D-01  4.453D-02  1.510D+01
   56   59     0     0  con    0  1.0D+00  1.2D+00  3.749D-02  1.499D+01
   57   60     0     0  con    0  1.0D+00  2.1D+00  5.478D-02  1.481D+01
   58   61     0     0  con    0  1.0D+00  2.5D+00  8.092D-02  1.468D+01
   59   62     0     0  con    0  1.0D+00  4.5D-01  3.519D-02  1.452D+01
   60   63     0     0  con    0  1.0D+00  8.7D-01  1.890D-02  1.439D+01
   61   64     0     0  con    0  1.0D+00  1.2D+00  4.703D-02  1.431D+01
   62   65     0     0  con    0  1.0D+00  1.6D+00  3.659D-02  1.423D+01
   63   66     0     0  con    0  1.0D+00  9.0D-01  2.076D-02  1.417D+01
   64   67     0     0  con    0  1.0D+00  1.3D+00  3.450D-02  1.409D+01
   65   68     0     0  con    0  1.0D+00  1.4D+00  3.679D-02  1.399D+01
   66   69     0     0  con    0  1.0D+00  3.9D+00  3.713D-02  1.380D+01
   67   70     0     0  con    0  1.0D+00  3.3D+00  1.104D-01  1.377D+01
   68   71     0     0  con    0  1.0D+00  1.1D+00  1.552D-02  1.365D+01
   69   72     0     0  con    0  1.0D+00  2.2D-01  1.082D-02  1.362D+01
   70   73     0     0  con    0  1.0D+00  4.8D-01  2.470D-02  1.358D+01
   71   74     0     0  con    0  1.0D+00  9.7D-01  2.988D-02  1.352D+01
   72   75     0     0  con    0  1.0D+00  1.6D+00  5.367D-02  1.345D+01
   73   76     0     0  con    0  1.0D+00  1.8D+00  3.869D-02  1.332D+01
   74   77     0     0  con    0  1.0D+00  2.0D+00  5.751D-02  1.326D+01
   75   78     0     0  con    0  1.0D+00  3.2D-01  1.771D-02  1.318D+01
   76   79     0     0  con    0  1.0D+00  1.7D-01  1.297D-02  1.316D+01
   77   80     0     0  con    0  1.0D+00  6.8D-01  1.786D-02  1.310D+01
   78   82     0     0  con    1  5.1D-01  8.8D-01  2.959D-02  1.306D+01
   79   83     0     0  con    0  1.0D+00  1.0D+00  2.810D-02  1.302D+01
   80   84     0     0  con    0  1.0D+00  2.1D+00  2.558D-02  1.296D+01
   81   85     0     0  con    0  1.0D+00  1.3D+00  4.077D-02  1.291D+01
   82   86     0     0  con    0  1.0D+00  1.2D+00  2.881D-02  1.285D+01
   83   87     0     0  con    0  1.0D+00  4.6D+00  4.776D-02  1.278D+01
   84   88     0     0  con    0  1.0D+00  1.1D+00  2.323D-02  1.273D+01
   85   89     0     0  con    0  1.0D+00  5.8D-01  1.133D-02  1.270D+01
   86   90     0     0  con    0  1.0D+00  1.1D-01  1.084D-02  1.269D+01
   87   91     0     0  con    0  1.0D+00  4.8D-01  1.527D-02  1.265D+01
   88   92     0     0  con    0  1.0D+00  9.6D-01  1.915D-02  1.261D+01
   89   93     0     0  con    0  1.0D+00  2.1D+00  5.158D-02  1.254D+01
   90   94     0     0  con    0  1.0D+00  2.5D+00  2.892D-02  1.248D+01
   91   95     0     0  con    0  1.0D+00  2.6D-01  9.273D-03  1.245D+01
   92   96     0     0  con    0  1.0D+00  2.8D-01  1.159D-02  1.243D+01
   93   97     0     0  con    0  1.0D+00  4.3D-01  1.335D-02  1.242D+01
   94   98     0     0  con    0  1.0D+00  1.2D+00  2.027D-02  1.238D+01
   95   99     0     0  con    0  1.0D+00  1.8D+00  4.520D-02  1.236D+01
   96  100     0     0  con    0  1.0D+00  7.9D-01  2.394D-02  1.231D+01
   97  101     0     0  con    0  1.0D+00  1.7D+00  1.378D-02  1.227D+01
   98  102     0     0  con    0  1.0D+00  8.7D-01  1.390D-02  1.224D+01
   99  103     0     0  con    0  1.0D+00  2.5D+00  5.174D-02  1.222D+01
  100  104     0     0  con    0  1.0D+00  1.6D-01  1.109D-02  1.220D+01
  101  105     0     0  con    0  1.0D+00  3.7D-01  7.451D-03  1.219D+01
  102  106     0     0  con    0  1.0D+00  7.7D-01  6.549D-03  1.217D+01
  103  107     0     0  con    0  1.0D+00  8.6D-01  2.199D-02  1.214D+01
  104  108     0     0  con    0  1.0D+00  1.0D+00  1.710D-02  1.210D+01
  105  109     0     0  con    0  1.0D+00  1.9D+00  1.593D-02  1.207D+01
  106  110     0     0  con    0  1.0D+00  1.6D+00  1.965D-02  1.206D+01
  107  111     0     0  con    0  1.0D+00  1.5D-01  7.376D-03  1.205D+01
  108  112     0     0  con    0  1.0D+00  6.8D-01  2.025D-02  1.202D+01
  109  113     0     0  con    0  1.0D+00  1.4D+00  3.598D-02  1.198D+01
  110  114     0     0  con    0  1.0D+00  2.5D+00  2.999D-02  1.193D+01
  111  116     0     0  con    1  5.2D-01  1.8D+00  2.501D-02  1.191D+01
  112  117     0     0  con    0  1.0D+00  5.5D-01  7.060D-03  1.189D+01
  113  118     0     0  con    0  1.0D+00  5.8D-01  9.025D-03  1.188D+01
  114  119     0     0  con    0  1.0D+00  3.7D-01  1.306D-02  1.187D+01
  115  120     0     0  con    0  1.0D+00  8.3D-01  1.419D-02  1.185D+01
  116  121     0     0  con    0  1.0D+00  1.6D+00  3.684D-02  1.183D+01
  117  122     0     0  con    0  1.0D+00  6.6D-01  1.368D-02  1.180D+01
  118  123     0     0  con    0  1.0D+00  7.2D-01  1.058D-02  1.178D+01
  119  124     0     0  con    0  1.0D+00  8.1D-01  1.149D-02  1.176D+01
  120  125     0     0  con    0  1.0D+00  1.1D+00  3.321D-02  1.176D+01
  121  126     0     0  con    0  1.0D+00  1.8D-01  9.146D-03  1.174D+01
  122  127     0     0  con    0  1.0D+00  3.2D-01  7.902D-03  1.173D+01
  123  128     0     0  con    0  1.0D+00  9.3D-01  2.070D-02  1.171D+01
  124  129     0     0  con    0  1.0D+00  1.7D+00  3.252D-02  1.168D+01
  125  130     0     0  con    0  1.0D+00  2.2D+00  4.226D-02  1.166D+01
  126  131     0     0  con    0  1.0D+00  7.2D-01  7.153D-03  1.164D+01
  127  132     0     0  con    0  1.0D+00  3.1D-01  6.759D-03  1.164D+01
  128  133     0     0  con    0  1.0D+00  1.8D-01  1.337D-02  1.163D+01
  129  134     0     0  con    0  1.0D+00  4.1D-01  2.194D-02  1.162D+01
  130  135     0     0  con    0  1.0D+00  1.4D+00  3.249D-02  1.159D+01
  131  136     0     0  con    0  1.0D+00  2.5D+00  3.777D-02  1.157D+01
  132  137     0     0  con    0  1.0D+00  1.5D+00  1.317D-02  1.154D+01
  133  138     0     0  con    0  1.0D+00  4.1D-01  6.468D-03  1.153D+01
  134  139     0     0  con    0  1.0D+00  3.7D-01  8.707D-03  1.153D+01
  135  140     0     0  con    0  1.0D+00  4.2D-01  1.408D-02  1.152D+01
  136  141     0     0  con    0  1.0D+00  1.5D+00  2.275D-02  1.150D+01
  137  142     0     0  con    0  1.0D+00  2.1D+00  2.571D-02  1.148D+01
  138  143     0     0  con    0  1.0D+00  2.9D+00  2.139D-02  1.147D+01
  139  144     0     0  con    0  1.0D+00  8.3D-01  7.529D-03  1.145D+01
  140  145     0     0  con    0  1.0D+00  3.6D-01  6.269D-03  1.144D+01
  141  146     0     0  con    0  1.0D+00  3.1D-01  9.771D-03  1.144D+01
  142  147     0     0  con    0  1.0D+00  5.7D-01  1.518D-02  1.142D+01
  143  148     0     0  con    0  1.0D+00  1.2D+00  1.689D-02  1.141D+01
  144  149     0     0  con    0  1.0D+00  9.5D-01  8.541D-03  1.139D+01
  145  150     0     0  con    0  1.0D+00  8.9D-01  5.261D-03  1.138D+01
  146  151     0     0  con    0  1.0D+00  1.0D+00  1.314D-02  1.137D+01
  147  152     0     0  con    0  1.0D+00  1.3D+00  1.185D-02  1.136D+01
  148  153     0     0  con    0  1.0D+00  1.8D+00  1.391D-02  1.135D+01
  149  154     0     0  con    0  1.0D+00  3.7D-01  8.547D-03  1.133D+01
  150  155     0     0  con    0  1.0D+00  3.7D-01  7.770D-03  1.132D+01
  151  156     0     0  con    0  1.0D+00  4.1D-01  9.144D-03  1.132D+01
  152  157     0     0  con    0  1.0D+00  6.8D-01  1.475D-02  1.131D+01
  153  158     0     0  con    0  1.0D+00  6.6D-01  7.830D-03  1.130D+01
  154  159     0     0  con    0  1.0D+00  6.6D-01  7.053D-03  1.129D+01
  155  160     0     0  con    0  1.0D+00  1.7D+00  1.675D-02  1.127D+01
  156  161     0     0  con    0  1.0D+00  1.7D+00  1.866D-02  1.126D+01
  157  162     0     0  con    0  1.0D+00  2.5D+00  1.901D-02  1.124D+01
  158  163     0     0  con    0  1.0D+00  2.4D-01  5.170D-03  1.123D+01
  159  164     0     0  con    0  1.0D+00  3.0D-01  4.596D-03  1.123D+01
  160  165     0     0  con    0  1.0D+00  1.7D-01  6.871D-03  1.123D+01
  161  166     0     0  con    0  1.0D+00  3.0D-01  1.210D-02  1.122D+01
  162  167     0     0  con    0  1.0D+00  1.2D+00  1.892D-02  1.120D+01
  163  168     0     0  con    0  1.0D+00  2.2D+00  3.100D-02  1.120D+01
  164  169     0     0  con    0  1.0D+00  1.1D+00  9.555D-03  1.117D+01
  165  170     0     0  con    0  1.0D+00  5.3D-01  8.417D-03  1.117D+01
  166  171     0     0  con    0  1.0D+00  5.9D-01  7.603D-03  1.116D+01
  167  172     0     0  con    0  1.0D+00  5.3D-01  7.951D-03  1.116D+01
  168  173     0     0  con    0  1.0D+00  1.1D+00  1.516D-02  1.115D+01
  169  174     0     0  con    0  1.0D+00  1.5D+00  2.778D-02  1.113D+01
  170  175     0     0  con    0  1.0D+00  9.5D-01  1.156D-02  1.112D+01
  171  176     0     0  con    0  1.0D+00  4.6D-01  7.574D-03  1.111D+01
  172  177     0     0  con    0  1.0D+00  6.8D-01  6.677D-03  1.111D+01
  173  178     0     0  con    0  1.0D+00  3.5D-01  6.589D-03  1.110D+01
  174  179     0     0  con    0  1.0D+00  9.2D-01  1.374D-02  1.109D+01
  175  180     0     0  con    0  1.0D+00  1.0D+00  1.803D-02  1.108D+01
  176  181     0     0  con    0  1.0D+00  9.0D-01  7.836D-03  1.107D+01
  177  182     0     0  con    0  1.0D+00  1.4D+00  5.642D-03  1.106D+01
  178  183     0     0  con    0  1.0D+00  1.3D+00  6.633D-03  1.105D+01
  179  185     0     0  con    1  3.7D-01  8.1D-01  7.651D-03  1.105D+01
  180  186     0     0  con    0  1.0D+00  1.2D+00  5.724D-03  1.104D+01
  181  187     0     0  con    0  1.0D+00  2.0D+00  6.766D-03  1.102D+01
  182  188     0     0  con    0  1.0D+00  2.3D+00  1.005D-02  1.101D+01
  183  189     0     0  con    0  1.0D+00  1.8D+00  1.405D-02  1.100D+01
  184  190     0     0  con    0  1.0D+00  9.1D-01  5.106D-03  1.099D+01
  185  191     0     0  con    0  1.0D+00  5.2D-01  5.104D-03  1.099D+01
  186  192     0     0  con    0  1.0D+00  2.2D-01  4.670D-03  1.099D+01
  187  193     0     0  con    0  1.0D+00  4.2D-01  7.307D-03  1.098D+01
  188  194     0     0  con    0  1.0D+00  1.3D+00  8.880D-03  1.097D+01
  189  195     0     0  con    0  1.0D+00  2.5D+00  1.550D-02  1.096D+01
  190  196     0     0  con    0  1.0D+00  4.0D-01  6.536D-03  1.095D+01
  191  197     0     0  con    0  1.0D+00  5.7D-01  6.210D-03  1.095D+01
  192  198     0     0  con    0  1.0D+00  3.8D-01  5.864D-03  1.095D+01
  193  199     0     0  con    0  1.0D+00  1.0D+00  6.605D-03  1.094D+01
  194  200     0     0  con    0  1.0D+00  1.4D+00  9.602D-03  1.093D+01
  195  201     0     0  con    0  1.0D+00  8.0D-01  6.382D-03  1.092D+01
  196  202     0     0  con    0  1.0D+00  9.7D-01  6.366D-03  1.091D+01
  197  203     0     0  con    0  1.0D+00  6.7D-01  7.770D-03  1.091D+01
  198  204     0     0  con    0  1.0D+00  7.6D-02  5.003D-03  1.090D+01
  199  205     0     0  con    0  1.0D+00  8.8D-02  5.823D-03  1.090D+01
  200  206     0     0  con    0  1.0D+00  4.6D-01  1.367D-02  1.090D+01
  201  207     0     0  con    0  1.0D+00  1.2D+00  1.879D-02  1.088D+01
  202  208     0     0  con    0  1.0D+00  2.0D+00  1.275D-02  1.087D+01
  203  210     0     0  con    1  3.7D-01  9.8D-01  1.526D-02  1.087D+01
  204  211     0     0  con    0  1.0D+00  5.7D-01  6.324D-03  1.086D+01
  205  212     0     0  con    0  1.0D+00  2.3D-01  7.085D-03  1.086D+01
  206  213     0     0  con    0  1.0D+00  2.6D-01  1.212D-02  1.086D+01
  207  214     0     0  con    0  1.0D+00  7.7D-01  1.676D-02  1.085D+01
  208  215     0     0  con    0  1.0D+00  1.2D+00  1.905D-02  1.084D+01
  209  217     0     0  con    1  2.7D-01  6.3D-01  1.432D-02  1.084D+01
  210  218     0     0  con    0  1.0D+00  6.5D-01  4.805D-03  1.083D+01
  211  219     0     0  con    0  1.0D+00  1.7D-01  5.494D-03  1.083D+01
  212  220     0     0  con    0  1.0D+00  1.6D-01  9.997D-03  1.083D+01
  213  221     0     0  con    0  1.0D+00  3.1D-01  1.078D-02  1.082D+01
  214  223     0     0  con    1  4.9D-01  4.1D-01  1.475D-02  1.082D+01
  215  224     0     0  con    0  1.0D+00  4.1D-01  4.658D-03  1.082D+01
  216  225     0     0  con    0  1.0D+00  5.8D-01  6.330D-03  1.081D+01
  217  226     0     0  con    0  1.0D+00  4.8D-01  9.946D-03  1.080D+01
  218  227     0     0  con    0  1.0D+00  7.0D-01  1.093D-02  1.080D+01
  219  229     0     0  con    1  4.6D-01  6.3D-01  9.536D-03  1.080D+01
  220  230     0     0  con    0  1.0D+00  3.1D-01  3.451D-03  1.079D+01
  221  231     0     0  con    0  1.0D+00  4.0D-01  5.317D-03  1.079D+01
  222  232     0     0  con    0  1.0D+00  3.0D-01  7.296D-03  1.079D+01
  223  233     0     0  con    0  1.0D+00  1.1D+00  9.483D-03  1.078D+01
  224  234     0     0  con    0  1.0D+00  1.7D+00  1.480D-02  1.078D+01
  225  235     0     0  con    0  1.0D+00  5.3D-01  3.825D-03  1.077D+01
  226  236     0     0  con    0  1.0D+00  1.7D-01  3.916D-03  1.077D+01
  227  237     0     0  con    0  1.0D+00  2.5D-01  5.794D-03  1.076D+01
  228  238     0     0  con    0  1.0D+00  2.3D-01  6.990D-03  1.076D+01
  229  240     0     0  con    1  3.1D-01  2.5D-01  1.556D-02  1.076D+01
  230  241     0     0  con    0  1.0D+00  4.5D-01  7.523D-03  1.075D+01
  231  242     0     0  con    0  1.0D+00  4.9D-01  5.043D-03  1.075D+01
  232  243     0     0  con    0  1.0D+00  4.5D-01  6.596D-03  1.075D+01
  233  244     0     0  con    0  1.0D+00  4.2D-01  6.584D-03  1.074D+01
  234  245     0     0  con    0  1.0D+00  6.9D-01  4.955D-03  1.074D+01
  235  246     0     0  con    0  1.0D+00  1.3D+00  1.661D-02  1.074D+01
  236  247     0     0  con    0  1.0D+00  1.3D-01  5.523D-03  1.073D+01
  237  248     0     0  con    0  1.0D+00  1.4D-01  5.073D-03  1.073D+01
  238  249     0     0  con    0  1.0D+00  2.7D-01  5.670D-03  1.073D+01
  239  250     0     0  con    0  1.0D+00  4.3D-01  4.421D-03  1.072D+01
  240  251     0     0  con    0  1.0D+00  1.4D-01  4.338D-03  1.072D+01
  241  252     0     0  con    0  1.0D+00  1.2D+00  5.246D-03  1.071D+01
  242  253     0     0  con    0  1.0D+00  6.1D-01  4.310D-03  1.071D+01
  243  254     0     0  con    0  1.0D+00  5.9D-01  2.935D-03  1.071D+01
  244  255     0     0  con    0  1.0D+00  1.3D-01  3.166D-03  1.071D+01
  245  256     0     0  con    0  1.0D+00  2.2D-01  3.161D-03  1.070D+01
  246  257     0     0  con    0  1.0D+00  3.5D-01  5.105D-03  1.070D+01
  247  258     0     0  con    0  1.0D+00  5.5D-01  5.918D-03  1.070D+01
  248  259     0     0  con    0  1.0D+00  2.9D-01  4.970D-03  1.070D+01
  249  260     0     0  con    0  1.0D+00  1.2D-01  2.780D-03  1.069D+01
  250  261     0     0  con    0  1.0D+00  3.0D-01  4.411D-03  1.069D+01
  251  262     0     0  con    0  1.0D+00  3.6D-01  5.664D-03  1.069D+01
  252  263     0     0  con    0  1.0D+00  1.1D+00  8.641D-03  1.068D+01
  253  265     0     0  con    1  1.5D-01  2.9D-01  6.601D-03  1.068D+01
  254  266     0     0  con    0  1.0D+00  5.5D-01  3.613D-03  1.068D+01
  255  267     0     0  con    0  1.0D+00  2.6D-01  3.772D-03  1.068D+01
  256  268     0     0  con    0  1.0D+00  1.2D-01  3.659D-03  1.068D+01

CONVERGENCE: REL_REDUCTION_OF_F_<=_FACTR*EPSMCH             

 Total User time 0.000E+00 seconds.

